198 Cartesian
0.00E+00 0.00E+00
5.51E+02 9.96E+02
6.27E+02 9.96E+02
7.04E+02 9.96E+02
7.04E+02 1.05E+03
6.27E+02 1.05E+03
5.51E+02 1.05E+03
8.81E+02 1.35E+03
9.32E+02 1.35E+03
9.58E+02 1.35E+03
9.83E+02 1.35E+03
1.01E+03 1.35E+03
1.03E+03 1.35E+03
1.31E+03 1.12E+03
1.29E+03 1.10E+03
1.29E+03 9.96E+02
1.31E+03 9.96E+02
1.47E+03 9.96E+02
1.52E+03 9.96E+02
1.59E+03 9.96E+02
1.59E+03 1.10E+03
1.52E+03 1.10E+03
1.47E+03 1.10E+03
1.57E+03 1.12E+03
1.59E+03 1.15E+03
1.57E+03 1.17E+03
1.54E+03 1.17E+03
1.49E+03 1.17E+03
1.44E+03 1.17E+03
1.47E+03 1.20E+03
1.41E+03 1.23E+03
1.44E+03 1.23E+03
1.49E+03 1.23E+03
1.52E+03 1.23E+03
1.59E+03 1.25E+03
1.47E+03 1.25E+03
1.44E+03 1.25E+03
1.39E+03 1.25E+03
1.54E+03 1.28E+03
1.16E+03 1.12E+03
1.16E+03 1.23E+03
1.26E+03 1.30E+03
1.29E+03 1.30E+03
1.34E+03 1.30E+03
1.41E+03 1.30E+03
1.49E+03 1.30E+03
1.54E+03 1.30E+03
1.64E+03 1.30E+03
1.67E+03 1.33E+03
1.62E+03 1.33E+03
1.57E+03 1.33E+03
1.52E+03 1.33E+03
1.47E+03 1.33E+03
1.41E+03 1.33E+03
1.34E+03 1.33E+03
1.31E+03 1.33E+03
1.24E+03 1.33E+03
1.24E+03 1.35E+03
1.31E+03 1.35E+03
1.34E+03 1.35E+03
1.41E+03 1.35E+03
1.47E+03 1.35E+03
1.69E+03 1.35E+03
1.62E+03 1.38E+03
1.52E+03 1.38E+03
1.41E+03 1.38E+03
1.34E+03 1.38E+03
1.31E+03 1.38E+03
1.24E+03 1.38E+03
1.36E+03 1.39E+03
1.24E+03 1.40E+03
1.31E+03 1.40E+03
1.34E+03 1.40E+03
1.41E+03 1.40E+03
1.47E+03 1.40E+03
1.57E+03 1.40E+03
1.59E+03 1.40E+03
1.62E+03 1.40E+03
1.69E+03 1.43E+03
1.67E+03 1.43E+03
1.54E+03 1.43E+03
1.44E+03 1.43E+03
1.41E+03 1.43E+03
1.34E+03 1.43E+03
1.26E+03 1.43E+03
1.24E+03 1.45E+03
1.34E+03 1.45E+03
1.41E+03 1.45E+03
1.47E+03 1.45E+03
1.49E+03 1.45E+03
1.67E+03 1.45E+03
1.69E+03 1.45E+03
1.62E+03 1.48E+03
1.59E+03 1.48E+03
1.57E+03 1.48E+03
1.52E+03 1.48E+03
1.44E+03 1.48E+03
1.41E+03 1.48E+03
1.34E+03 1.48E+03
1.26E+03 1.48E+03
1.59E+03 1.50E+03
1.62E+03 1.50E+03
1.67E+03 1.53E+03
1.69E+03 1.53E+03
1.75E+03 1.53E+03
1.82E+03 1.53E+03
1.85E+03 1.53E+03
1.95E+03 1.53E+03
1.92E+03 1.56E+03
1.90E+03 1.56E+03
1.87E+03 1.56E+03
1.82E+03 1.56E+03
1.80E+03 1.56E+03
1.77E+03 1.56E+03
1.77E+03 1.66E+03
1.80E+03 1.66E+03
1.82E+03 1.66E+03
1.87E+03 1.66E+03
1.90E+03 1.66E+03
1.92E+03 1.66E+03
1.81E+03 1.69E+03
1.76E+03 1.69E+03
1.88E+03 1.73E+03
2.00E+03 1.73E+03
2.08E+03 1.73E+03
2.11E+03 1.73E+03
2.18E+03 1.73E+03
2.24E+03 1.73E+03
2.18E+03 1.78E+03
2.13E+03 1.78E+03
2.10E+03 1.78E+03
2.10E+03 1.81E+03
2.13E+03 1.81E+03
2.10E+03 1.83E+03
2.13E+03 1.83E+03
2.15E+03 1.83E+03
2.24E+03 1.85E+03
2.00E+03 1.85E+03
1.88E+03 1.85E+03
2.10E+03 1.86E+03
2.13E+03 1.86E+03
2.10E+03 1.89E+03
2.13E+03 1.89E+03
2.18E+03 1.89E+03
2.15E+03 1.91E+03
2.13E+03 1.91E+03
2.10E+03 1.91E+03
2.10E+03 1.94E+03
2.13E+03 1.94E+03
2.18E+03 1.94E+03
2.23E+03 1.94E+03
2.13E+03 1.96E+03
2.10E+03 1.96E+03
1.80E+03 1.99E+03
1.82E+03 1.99E+03
1.85E+03 1.99E+03
1.87E+03 1.99E+03
1.90E+03 1.99E+03
1.95E+03 1.99E+03
2.06E+03 1.99E+03
2.10E+03 1.99E+03
2.13E+03 1.99E+03
2.25E+03 1.99E+03
2.30E+03 1.99E+03
2.38E+03 1.99E+03
2.41E+03 1.99E+03
2.02E+03 1.40E+03
2.15E+03 1.40E+03
2.08E+03 1.71E+03
2.18E+03 1.71E+03
2.35E+03 1.73E+03
2.35E+03 1.85E+03
3.65E+03 1.01E+03
3.73E+03 1.01E+03
3.73E+03 1.09E+03
3.65E+03 1.09E+03
3.73E+03 1.15E+03
3.80E+03 1.15E+03
3.85E+03 1.15E+03
3.80E+03 1.17E+03
3.70E+03 1.17E+03
3.61E+03 1.20E+03
3.70E+03 1.20E+03
3.80E+03 1.20E+03
3.85E+03 1.20E+03
4.03E+03 1.31E+03
3.95E+03 1.31E+03
3.73E+03 1.31E+03
3.65E+03 1.31E+03
3.65E+03 1.39E+03
3.73E+03 1.39E+03
3.95E+03 1.39E+03
4.03E+03 1.39E+03
3.85E+03 1.12E+03
3.95E+03 1.09E+03
4.03E+03 1.09E+03
4.03E+03 1.01E+03
3.95E+03 1.01E+03
